7512064 166476 0 6870
7512064 287517 0 6717
7512064 338053 0 6745
7512064 235042 0 6824
7512064 324349 0 6563
7512064 437805 0 6624
7512064 382229 0 6717
7512064 326048 0 6539
7512064 426310 0 6522
7512064 551808 0 6712
7512064 496870 0 6588
7512064 633803 43508 6891
4325376 152972 0 4316
4325376 283233 0 4245
4325376 353102 0 4241
4325376 209521 0 4350
4325376 341397 0 4241
4325376 435132 0 4279
4325376 391088 0 4393
4325376 319995 0 4291
4325376 435707 0 4222
4325376 535776 0 4395
4325376 503876 0 4191
4325376 644513 47581 4534
5386240 150760 0 0
5386240 265500 0 0
5386240 372590 0 0
5386240 151416 0 0
5386240 314977 0 0
5386240 403008 0 0
5386240 482731 0 0
5386240 244095 0 0
5386240 516924 0 0
5386240 519298 0 0
5386240 540552 0 0
5386240 644461 37859 0
3006464 149226 0 0
3006464 248694 0 0
3006464 377243 0 0
3006464 169787 0 0
3006464 324502 0 0
3006464 403968 0 0
3006464 469773 0 0
3006464 248269 0 0
3006464 507822 0 0
3006464 490529 0 0
3006464 561302 0 0
3006464 655196 1349 0
1323008 150849 0 0
1323008 268620 0 0
1323008 369794 0 0
1323008 175133 0 0
1323008 325670 0 0
1323008 414186 0 0
1323008 445310 0 0
1323008 265792 0 0
1323008 489558 0 0
1323008 527638 0 0
1323008 502365 0 0
1323008 671394 6117 0
