6623232 1383157 0 6230
6623232 1808042 0 6406
6623232 832983 0 6350
6623232 1498608 0 6488
6623232 1479963 0 6235
6623232 2093824 0 6358
6623232 2552115 0 6340
6623232 1287186 0 6141
6623232 831739 0 5999
6623232 965014 0 6144
6623232 1096834 0 6111
6623232 1214304 26181 6558
5115904 1268649 0 4738
5115904 1935552 0 4983
5115904 801327 0 4970
5115904 1457677 0 4896
5115904 1460119 0 4963
5115904 2048138 0 4998
5115904 2295409 0 4952
5115904 1644947 0 5091
5115904 854076 0 4769
5115904 961161 0 4848
5115904 1096681 0 4813
5115904 1220022 11923 5075
