4685824 103232 0 4416
4685824 106894 0 4467
4685824 101945 0 4603
4685824 101814 0 4501
4685824 104750 0 4459
4685824 102512 0 4672
4685824 102758 0 4506
4685824 106993 0 4658
4685824 101162 0 4585
4685824 107143 0 4558
4685824 102359 0 4555
4685824 102986 16493 4675
884736 103192 0 1598
884736 106484 0 1716
884736 101943 0 1656
884736 101964 0 1613
884736 104320 0 1573
884736 102438 0 1740
884736 103355 0 1630
884736 106724 0 1772
884736 100905 0 1676
884736 107293 0 1622
884736 102167 0 1669
884736 103763 141 1648
