1392640 27657 0 2035
1392640 28020 0 2055
1392640 29058 0 2067
1392640 29477 0 2087
1392640 29227 0 2020
1392640 26813 0 2129
1392640 28003 0 2051
1392640 28012 0 2107
1392640 26641 0 2022
1392640 27673 0 2036
1392640 26331 0 2031
1392640 28355 4761 2133
544768 463791 0 1733
544768 432969 0 1496
544768 1278970 0 2251
544768 2114819 0 2972
544768 683417 0 1784
544768 33173 0 1278
544768 106604 0 1426
544768 1056819 0 1958
544768 959463 0 1975
544768 2380785 0 3054
544768 3061822 0 3716
544768 2243465 43290 3269
557056 426577 0 1413
557056 353255 0 1518
557056 776220 0 1681
557056 1972514 0 2921
557056 413942 0 1461
557056 20102 0 1289
557056 125836 0 1417
557056 1001928 0 1946
557056 931408 0 1993
557056 2374367 0 3108
557056 3171086 0 3812
557056 2200274 45658 3242
516096 237299 0 1375
516096 404215 0 1530
516096 334518 0 1394
516096 1487309 0 2476
516096 426402 0 1550
516096 21611 0 1310
516096 107785 0 1306
516096 1030413 0 1897
516096 929346 0 1974
516096 2296778 0 2958
516096 3077312 0 3710
516096 2365955 16952 3133
4657152 201869 0 4775
4657152 135909 0 4961
4657152 120550 0 4810
4657152 108447 0 4840
4657152 8386 0 4419
4657152 166225 0 5219
4657152 10209 0 4611
4657152 4502 0 4608
4657152 58455 0 4879
4657152 85221 0 4901
4657152 62270 0 4869
4657152 60478 28719 5077
2695168 57688 0 2981
2695168 101260 0 3760
2695168 127921 0 3196
2695168 181767 0 3186
2695168 241440 0 2980
2695168 252364 0 3096
2695168 301168 0 3096
2695168 341471 0 3064
2695168 378862 0 3142
2695168 445182 0 3388
2695168 491413 0 3212
2695168 545065 28496 3281
548864 117448 0 1559
548864 146766 0 1465
548864 241288 0 1475
548864 287445 0 1693
548864 288183 0 1389
548864 261523 0 1426
548864 264270 0 1480
548864 265703 0 1437
548864 280267 0 1552
548864 397551 0 1593
548864 438289 0 1485
548864 476855 19163 1629
364544 114543 0 1412
364544 144224 0 1253
364544 254018 0 1327
364544 296674 0 1417
364544 336625 0 1182
364544 378334 0 1253
364544 395436 0 1315
364544 336994 0 1211
364544 277455 0 1309
364544 256015 0 1235
364544 275574 0 1205
364544 399697 244 1253
86016 120818 0 964
86016 147739 0 1043
86016 249558 0 1130
86016 297332 0 1284
86016 337151 0 1149
86016 391715 0 1263
86016 399457 0 1291
86016 460107 0 1338
86016 473290 0 1415
86016 333182 0 1200
86016 137685 0 1031
86016 117511 9575 1097
4325376 152972 0 4316
4325376 283233 0 4245
4325376 353102 0 4241
4325376 209521 0 4350
4325376 341397 0 4241
4325376 435132 0 4279
4325376 391088 0 4393
4325376 319995 0 4291
4325376 435707 0 4222
4325376 535776 0 4395
4325376 503876 0 4191
4325376 644513 47581 4534
6623232 1383157 0 6230
6623232 1808042 0 6406
6623232 832983 0 6350
6623232 1498608 0 6488
6623232 1479963 0 6235
6623232 2093824 0 6358
6623232 2552115 0 6340
6623232 1287186 0 6141
6623232 831739 0 5999
6623232 965014 0 6144
6623232 1096834 0 6111
6623232 1214304 26181 6558
5115904 1268649 0 4738
5115904 1935552 0 4983
5115904 801327 0 4970
5115904 1457677 0 4896
5115904 1460119 0 4963
5115904 2048138 0 4998
5115904 2295409 0 4952
5115904 1644947 0 5091
5115904 854076 0 4769
5115904 961161 0 4848
5115904 1096681 0 4813
5115904 1220022 11923 5075
7512064 166476 0 6870
7512064 287517 0 6717
7512064 338053 0 6745
7512064 235042 0 6824
7512064 324349 0 6563
7512064 437805 0 6624
7512064 382229 0 6717
7512064 326048 0 6539
7512064 426310 0 6522
7512064 551808 0 6712
7512064 496870 0 6588
7512064 633803 43508 6891