544768 463791 0 0
544768 432969 0 0
544768 1278970 0 0
544768 2114819 0 0
544768 683417 0 0
544768 33173 0 0
544768 106604 0 0
544768 1056819 0 0
544768 959463 0 0
544768 2380785 0 0
544768 3061822 0 0
544768 2243465 43290 0
557056 426577 0 0
557056 353255 0 0
557056 776220 0 0
557056 1972514 0 0
557056 413942 0 0
557056 20102 0 0
557056 125836 0 0
557056 1001928 0 0
557056 931408 0 0
557056 2374367 0 0
557056 3171086 0 0
557056 2200274 45658 0
516096 237299 0 0
516096 404215 0 0
516096 334518 0 0
516096 1487309 0 0
516096 426402 0 0
516096 21611 0 0
516096 107785 0 0
516096 1030413 0 0
516096 929346 0 0
516096 2296778 0 0
516096 3077312 0 0
516096 2365955 16952 0
856064 580643 0 0
856064 229092 0 0
856064 238634 0 0
856064 765725 0 0
856064 43876 0 0
856064 18783 0 0
856064 85965 0 0
856064 821855 0 0
856064 772848 0 0
856064 2107813 0 0
856064 3444901 0 0
856064 2560230 21000 0
13918208 805149 0 0
13918208 5670 0 0
13918208 2001 0 0
13918208 8226 0 0
13918208 16011 0 0
13918208 22119 0 0
13918208 33856 0 0
13918208 103175 0 0
13918208 775910 0 0
13918208 898275 0 0
13918208 3599915 0 0
13918208 4351498 43777 0
1323008 247557 0 0
1323008 297905 0 0
1323008 157353 0 0
1323008 150140 0 0
1323008 60419 0 0
1323008 134362 0 0
1323008 398290 0 0
1323008 741409 0 0
1323008 2140225 0 0
1323008 2458551 0 0
1323008 1738685 0 0
1323008 1048330 47461 0
1015808 200175 0 0
1015808 11182 0 0
1015808 106530 0 0
1015808 239383 0 0
1015808 178079 0 0
1015808 217674 0 0
1015808 477604 0 0
1015808 1544605 0 0
1015808 1810295 0 0
1015808 1395031 0 0
1015808 1414907 0 0
1015808 929174 8146 0
487424 97817 0 0
487424 159519 0 0
487424 154344 0 0
487424 3891 0 0
487424 3866 0 0
487424 8707 0 0
487424 88970 0 0
487424 309634 0 0
487424 746482 0 0
487424 2201409 0 0
487424 2022893 0 0
487424 1678532 15223 0
499712 309345 0 0
499712 923 0 0
499712 513 0 0
499712 428 0 0
499712 411 0 0
499712 326 0 0
499712 312 0 0
499712 68663 0 0
499712 426458 0 0
499712 928862 0 0
499712 2780275 0 0
499712 1910956 18231 0
176128 141656 0 0
176128 177690 0 0
176128 211985 0 0
176128 36675 0 0
176128 4246 0 0
176128 159702 0 0
176128 189277 0 0
176128 374091 0 0
176128 1288986 0 0
176128 1046953 0 0
176128 922004 0 0
176128 825618 25127 0
188416 190660 0 0
188416 68846 0 0
188416 161074 0 0
188416 161447 0 0
188416 45081 0 0
188416 65176 0 0
188416 197123 0 0
188416 71931 0 0
188416 667415 0 0
188416 1057270 0 0
188416 883730 0 0
188416 760593 22738 0
229376 128524 0 0
229376 283283 0 0
229376 84009 0 0
229376 61271 0 0
229376 94707 0 0
229376 55422 0 0
229376 15570 0 0
229376 168614 0 0
229376 117748 0 0
229376 986284 0 0
229376 553201 0 0
229376 733132 234 0
208896 157298 0 0
208896 110301 0 0
208896 100717 0 0
208896 121382 0 0
208896 101534 0 0
208896 136976 0 0
208896 121834 0 0
208896 169423 0 0
208896 24917 0 0
208896 1492 0 0
208896 396434 0 0
208896 790364 23768 0
385024 98712 0 0
385024 37324 0 0
385024 94666 0 0
385024 33713 0 0
385024 5390 0 0
385024 35826 0 0
385024 108989 0 0
385024 90573 0 0
385024 76622 0 0
385024 200334 0 0
385024 213538 0 0
385024 188924 30862 0
24576 19865 0 0
24576 8860 0 0
24576 4063 0 0
24576 2030 0 0
24576 147 0 0
24576 262 0 0
24576 4207 0 0
24576 18928 0 0
24576 27392 0 0
24576 25978 0 0
24576 24306 2559 0
24576 0 24576 0
