2695168 57688 0 2981
2695168 101260 0 3760
2695168 127921 0 3196
2695168 181767 0 3186
2695168 241440 0 2980
2695168 252364 0 3096
2695168 301168 0 3096
2695168 341471 0 3064
2695168 378862 0 3142
2695168 445182 0 3388
2695168 491413 0 3212
2695168 545065 28496 3281
548864 117448 0 1559
548864 146766 0 1465
548864 241288 0 1475
548864 287445 0 1693
548864 288183 0 1389
548864 261523 0 1426
548864 264270 0 1480
548864 265703 0 1437
548864 280267 0 1552
548864 397551 0 1593
548864 438289 0 1485
548864 476855 19163 1629
364544 114543 0 1412
364544 144224 0 1253
364544 254018 0 1327
364544 296674 0 1417
364544 336625 0 1182
364544 378334 0 1253
364544 395436 0 1315
364544 336994 0 1211
364544 277455 0 1309
364544 256015 0 1235
364544 275574 0 1205
364544 399697 244 1253
86016 120818 0 964
86016 147739 0 1043
86016 249558 0 1130
86016 297332 0 1284
86016 337151 0 1149
86016 391715 0 1263
86016 399457 0 1291
86016 460107 0 1338
86016 473290 0 1415
86016 333182 0 1200
86016 137685 0 1031
86016 117511 9575 1097
